base_camera_trans: [0.35707754, -0.02286375, -0.37506243]
base_camera_rot: [0.02418901, -0.50864865,  0.03063568,  0.86008889]
